| County         | 2-Nov  | 3-Nov  | 4-Nov  | 5-Nov  | Daily_Change1 | Daily_Change2 | Daily_Change3 | R_1102 | R_PER_1102  | D_1102 | D_PER_1102  | O_1102 | O_PER_1102  | R_1103 | R_PER_1103  | D_1103 | D_PER_1103  | O_1103 | O_PER_1103  | R_1104 | R_PER_1104  | D_1104 | D_PER_1104  | O_1104 | O_PER_1104  | R_1105 | R_PER_1105  | D_1105 | D_PER_1105  | O_1105 | O_PER_1105  |
| -------------- | ------ | ------ | ------ | ------ | ------------- | ------------- | ------------- | ------ | ----------- | ------ | ----------- | ------ | ----------- | ------ | ----------- | ------ | ----------- | ------ | ----------- | ------ | ----------- | ------ | ----------- | ------ | ----------- | ------ | ----------- | ------ | ----------- | ------ | ----------- |
| ADAMS          | 17034  | 17035  | 17035  | 17489  | 1             | 0             | 454           | 8634   | 0.506868616 | 6426   | 0.377245509 | 1974   | 0.115885875 | 8635   | 0.506897564 | 6426   | 0.377223364 | 1974   | 0.115879072 | 8635   | 0.506897564 | 6426   | 0.377223364 | 1974   | 0.115879072 | 8860   | 0.506604151 | 6554   | 0.374749843 | 2075   | 0.118646006 |
| ALLEGHENY      | 206738 | 212701 | 214569 | 218969 | 5963          | 1868          | 4400          | 47383  | 0.229193472 | 137913 | 0.667090714 | 21442  | 0.103715814 | 48992  | 0.230332721 | 141210 | 0.663889686 | 22499  | 0.105777594 | 49415  | 0.230298878 | 142321 | 0.6632878   | 22833  | 0.106413322 | 50561  | 0.230904831 | 144679 | 0.660728231 | 23729  | 0.108366938 |
| ARMSTRONG      | 6857   | 6857   | 6857   | 7160   | 0             | 0             | 303           | 3632   | 0.529677702 | 2696   | 0.393174858 | 529    | 0.077147441 | 3632   | 0.529677702 | 2696   | 0.393174858 | 529    | 0.077147441 | 3632   | 0.529677702 | 2696   | 0.393174858 | 529    | 0.077147441 | 3781   | 0.528072626 | 2792   | 0.389944134 | 587    | 0.08198324  |
| BEAVER         | 22193  | 22643  | 22641  | 23267  | 450           | -2            | 626           | 7900   | 0.355968098 | 12194  | 0.54945253  | 2099   | 0.094579372 | 8067   | 0.356269046 | 12394  | 0.547365632 | 2182   | 0.096365323 | 8066   | 0.356256349 | 12393  | 0.547369816 | 2182   | 0.096373835 | 8272   | 0.355524992 | 12687  | 0.545278721 | 2308   | 0.099196287 |
| BEDFORD        | 5527   | 5527   | 5527   | 5838   | 0             | 0             | 311           | 3534   | 0.63940655  | 1560   | 0.282250769 | 433    | 0.078342681 | 3534   | 0.63940655  | 1560   | 0.282250769 | 433    | 0.078342681 | 3534   | 0.63940655  | 1560   | 0.282250769 | 433    | 0.078342681 | 3730   | 0.638917437 | 1632   | 0.27954779  | 476    | 0.081534772 |
| BERKS          | 41931  | 43432  | 44523  | 47527  | 1501          | 1091          | 3004          | 14907  | 0.355512628 | 22545  | 0.537669028 | 4479   | 0.106818344 | 15519  | 0.357317185 | 23211  | 0.534421625 | 4702   | 0.10826119  | 15994  | 0.359230061 | 23659  | 0.531388271 | 4870   | 0.109381668 | 17165  | 0.361163128 | 24926  | 0.524459781 | 5436   | 0.114377091 |
| BLAIR          | 15970  | 15991  | 15992  | 16599  | 21            | 1             | 607           | 9006   | 0.563932373 | 5570   | 0.348778961 | 1394   | 0.087288666 | 9021   | 0.564129823 | 5574   | 0.348571071 | 1396   | 0.087299106 | 9022   | 0.564157079 | 5574   | 0.348549275 | 1396   | 0.087293647 | 9340   | 0.562684499 | 5782   | 0.348334237 | 1477   | 0.088981264 |
| BRADFORD       | 5853   | 5853   | 5854   | 6043   | 0             | 1             | 189           | 3200   | 0.546728174 | 2086   | 0.356398428 | 567    | 0.096873398 | 3200   | 0.546728174 | 2086   | 0.356398428 | 567    | 0.096873398 | 3201   | 0.546805603 | 2086   | 0.356337547 | 567    | 0.09685685  | 3308   | 0.547410227 | 2138   | 0.353797783 | 597    | 0.098791991 |
| BUCKS          | 120830 | 124011 | 124011 | 131303 | 3181          | 0             | 7292          | 41594  | 0.344235703 | 63927  | 0.529065629 | 15309  | 0.126698668 | 42911  | 0.346025756 | 65148  | 0.525340494 | 15952  | 0.12863375  | 42911  | 0.346025756 | 65148  | 0.525340494 | 15952  | 0.12863375  | 45621  | 0.347448269 | 68141  | 0.518959963 | 17541  | 0.133591769 |
| BUTLER         | 28601  | 29129  | 29136  | 31153  | 528           | 7             | 2017          | 13480  | 0.471312192 | 12155  | 0.42498514  | 2966   | 0.103702668 | 13764  | 0.472518796 | 12309  | 0.422568574 | 3056   | 0.10491263  | 13767  | 0.472508237 | 12312  | 0.422570016 | 3057   | 0.104921746 | 14786  | 0.474625237 | 12910  | 0.414406317 | 3457   | 0.110968446 |
| CAMBRIA        | 14477  | 14811  | 14825  | 15175  | 334           | 14            | 350           | 6124   | 0.423015818 | 7291   | 0.503626442 | 1062   | 0.07335774  | 6297   | 0.425156978 | 7406   | 0.500033759 | 1108   | 0.074809263 | 6302   | 0.425092749 | 7412   | 0.499966273 | 1111   | 0.074940978 | 6449   | 0.424975288 | 7552   | 0.497660626 | 1174   | 0.077364086 |
| CAMERON        | 552    | 552    | 552    | 563    | 0             | 0             | 11            | 333    | 0.60326087  | 176    | 0.31884058  | 43     | 0.077898551 | 333    | 0.60326087  | 176    | 0.31884058  | 43     | 0.077898551 | 333    | 0.60326087  | 176    | 0.31884058  | 43     | 0.077898551 | 335    | 0.595026643 | 183    | 0.325044405 | 45     | 0.079928952 |
| CARBON         | 6224   | 6263   | 6263   | 6934   | 39            | 0             | 671           | 2395   | 0.384800771 | 3161   | 0.507872751 | 668    | 0.107326478 | 2425   | 0.387194635 | 3167   | 0.50566821  | 671    | 0.107137155 | 2425   | 0.387194635 | 3167   | 0.50566821  | 671    | 0.107137155 | 2727   | 0.393279492 | 3425   | 0.49394289  | 782    | 0.112777618 |
| CENTRE         | 21578  | 21884  | 21884  | 23238  | 306           | 0             | 1354          | 7239   | 0.335480582 | 11555  | 0.535499119 | 2784   | 0.129020298 | 7362   | 0.336410163 | 11668  | 0.533174922 | 2854   | 0.130414915 | 7362   | 0.336410163 | 11668  | 0.533174922 | 2854   | 0.130414915 | 7793   | 0.335355883 | 12304  | 0.52947758  | 3141   | 0.135166538 |
| CHESTER        | 95448  | 95461  | 95461  | 102658 | 13            | 0             | 7197          | 30308  | 0.317534155 | 50404  | 0.528078116 | 14736  | 0.154387729 | 30312  | 0.317532814 | 50412  | 0.528090005 | 14737  | 0.15437718  | 30312  | 0.317532814 | 50412  | 0.528090005 | 14737  | 0.15437718  | 32561  | 0.317179372 | 53678  | 0.522881802 | 16419  | 0.159938826 |
| CLARION        | 3792   | 3870   | 3870   | 3945   | 78            | 0             | 75            | 2133   | 0.5625      | 1344   | 0.35443038  | 315    | 0.08306962  | 2180   | 0.563307494 | 1358   | 0.350904393 | 332    | 0.085788114 | 2180   | 0.563307494 | 1358   | 0.350904393 | 332    | 0.085788114 | 2226   | 0.564258555 | 1375   | 0.348542459 | 344    | 0.087198986 |
| CLEARFIELD     | 7359   | 7359   | 7359   | 7624   | 0             | 0             | 265           | 3697   | 0.50237804  | 3066   | 0.416632695 | 596    | 0.080989265 | 3697   | 0.50237804  | 3066   | 0.416632695 | 596    | 0.080989265 | 3697   | 0.50237804  | 3066   | 0.416632695 | 596    | 0.080989265 | 3847   | 0.504590766 | 3135   | 0.411201469 | 642    | 0.084207765 |
| CLINTON        | 3879   | 3944   | 4005   | 4112   | 65            | 61            | 107           | 1951   | 0.502964682 | 1586   | 0.408868265 | 342    | 0.088167053 | 1974   | 0.500507099 | 1615   | 0.409482759 | 355    | 0.090010142 | 1999   | 0.499126092 | 1641   | 0.409737828 | 365    | 0.09113608  | 2052   | 0.499027237 | 1674   | 0.407101167 | 386    | 0.093871595 |
| COLUMBIA       | 6379   | 6379   | 6379   | 6720   | 0             | 0             | 341           | 2733   | 0.428437059 | 2963   | 0.464492867 | 683    | 0.107070074 | 2733   | 0.428437059 | 2963   | 0.464492867 | 683    | 0.107070074 | 2733   | 0.428437059 | 2963   | 0.464492867 | 683    | 0.107070074 | 2891   | 0.430208333 | 3082   | 0.458630952 | 747    | 0.111160714 |
| CRAWFORD       | 9634   | 9634   | 9634   | 9884   | 0             | 0             | 250           | 4778   | 0.495951837 | 3999   | 0.415092381 | 857    | 0.088955782 | 4778   | 0.495951837 | 3999   | 0.415092381 | 857    | 0.088955782 | 4778   | 0.495951837 | 3999   | 0.415092381 | 857    | 0.088955782 | 4895   | 0.49524484  | 4104   | 0.415216512 | 885    | 0.089538648 |
| CUMBERLAND     | 40068  | 41158  | 41158  | 42418  | 1090          | 0             | 1260          | 16789  | 0.419012678 | 18064  | 0.450833583 | 5215   | 0.130153739 | 17197  | 0.417828855 | 18511  | 0.449754604 | 5450   | 0.132416541 | 17197  | 0.417828855 | 18511  | 0.449754604 | 5450   | 0.132416541 | 17650  | 0.41609694  | 19017  | 0.448323825 | 5751   | 0.135579235 |
| DAUPHIN        | 35642  | 35642  | 35642  | 38020  | 0             | 0             | 2378          | 11788  | 0.330733404 | 19552  | 0.548566298 | 4302   | 0.120700297 | 11788  | 0.330733404 | 19552  | 0.548566298 | 4302   | 0.120700297 | 11788  | 0.330733404 | 19552  | 0.548566298 | 4302   | 0.120700297 | 12529  | 0.329537086 | 20747  | 0.545686481 | 4744   | 0.124776433 |
| DELAWARE       | 76401  | 78629  | 78629  | 83261  | 2228          | 0             | 4632          | 21397  | 0.280061779 | 45779  | 0.599193728 | 9225   | 0.120744493 | 22099  | 0.281054064 | 46934  | 0.59690445  | 9596   | 0.122041486 | 22099  | 0.281054064 | 46934  | 0.59690445  | 9596   | 0.122041486 | 23543  | 0.282761437 | 49306  | 0.592186017 | 10412  | 0.125052546 |
| ELK            | 3262   | 3298   | 3298   | 3367   | 36            | 0             | 69            | 1517   | 0.465052115 | 1491   | 0.457081545 | 254    | 0.07786634  | 1535   | 0.465433596 | 1503   | 0.455730746 | 260    | 0.078835658 | 1535   | 0.465433596 | 1503   | 0.455730746 | 260    | 0.078835658 | 1571   | 0.466587467 | 1526   | 0.453222453 | 270    | 0.08019008  |
| ERIE           | 26476  | 29235  | 30969  | 34237  | 2759          | 1734          | 3268          | 7578   | 0.286221484 | 16718  | 0.631439795 | 2180   | 0.082338722 | 8550   | 0.292457671 | 18222  | 0.623293997 | 2463   | 0.084248332 | 9194   | 0.296877523 | 19064  | 0.615583325 | 2711   | 0.087539152 | 10249  | 0.2993545   | 20824  | 0.608230861 | 3164   | 0.092414639 |
| FAYETTE        | 12713  | 12713  | 12713  | 13730  | 0             | 0             | 1017          | 4410   | 0.346889011 | 7474   | 0.587902147 | 829    | 0.065208841 | 4410   | 0.346889011 | 7474   | 0.587902147 | 829    | 0.065208841 | 4410   | 0.346889011 | 7474   | 0.587902147 | 829    | 0.065208841 | 4881   | 0.355498908 | 7901   | 0.575455208 | 948    | 0.069045885 |
| FOREST         | 589    | 592    | 592    | 603    | 3             | 0             | 11            | 308    | 0.522920204 | 224    | 0.380305603 | 57     | 0.096774194 | 310    | 0.523648649 | 224    | 0.378378378 | 58     | 0.097972973 | 310    | 0.523648649 | 224    | 0.378378378 | 58     | 0.097972973 | 318    | 0.527363184 | 226    | 0.374792703 | 59     | 0.097844113 |
| FRANKLIN       | 19440  | 19495  | 19553  | 20402  | 55            | 58            | 849           | 10674  | 0.549074074 | 6582   | 0.338580247 | 2184   | 0.112345679 | 10698  | 0.548756091 | 6607   | 0.338907412 | 2190   | 0.112336497 | 10732  | 0.548867182 | 6622   | 0.338669258 | 2199   | 0.112463561 | 11130  | 0.545534751 | 6906   | 0.338496226 | 2366   | 0.115969023 |
| FULTON         | 1265   | 1266   | 1266   | 1333   | 1             | 0             | 67            | 848    | 0.670355731 | 299    | 0.236363636 | 118    | 0.093280632 | 849    | 0.670616114 | 299    | 0.236176935 | 118    | 0.093206951 | 849    | 0.670616114 | 299    | 0.236176935 | 118    | 0.093206951 | 899    | 0.674418605 | 309    | 0.231807952 | 125    | 0.093773443 |
| GREENE         | 3130   | 3247   | 3247   | 3344   | 117           | 0             | 97            | 1211   | 0.386900958 | 1736   | 0.554632588 | 183    | 0.058466454 | 1259   | 0.387742532 | 1782   | 0.54881429  | 206    | 0.063443178 | 1259   | 0.387742532 | 1782   | 0.54881429  | 206    | 0.063443178 | 1309   | 0.391447368 | 1813   | 0.542165072 | 222    | 0.06638756  |
| HUNTINGDON     | 3483   | 3483   | 3483   | 3830   | 0             | 0             | 347           | 1921   | 0.551536032 | 1318   | 0.378409417 | 244    | 0.070054551 | 1921   | 0.551536032 | 1318   | 0.378409417 | 244    | 0.070054551 | 1921   | 0.551536032 | 1318   | 0.378409417 | 244    | 0.070054551 | 2118   | 0.553002611 | 1423   | 0.37154047  | 289    | 0.075456919 |
| INDIANA        | 8864   | 8981   | 8981   | 9202   | 117           | 0             | 221           | 3983   | 0.449345668 | 4043   | 0.456114621 | 838    | 0.094539711 | 4050   | 0.45095201  | 4074   | 0.453624318 | 857    | 0.095423672 | 4050   | 0.45095201  | 4074   | 0.453624318 | 857    | 0.095423672 | 4144   | 0.450336883 | 4166   | 0.452727668 | 892    | 0.096935449 |
| JEFFERSON      | 4342   | 4342   | 4342   | 4514   | 0             | 0             | 172           | 2571   | 0.592123445 | 1408   | 0.324274528 | 363    | 0.083602027 | 2571   | 0.592123445 | 1408   | 0.324274528 | 363    | 0.083602027 | 2571   | 0.592123445 | 1408   | 0.324274528 | 363    | 0.083602027 | 2672   | 0.591936198 | 1451   | 0.321444395 | 391    | 0.086619406 |
| JUNIATA        | 2061   | 2061   | 2061   | 2150   | 0             | 0             | 89            | 1258   | 0.610383309 | 586    | 0.284327996 | 217    | 0.105288695 | 1258   | 0.610383309 | 586    | 0.284327996 | 217    | 0.105288695 | 1258   | 0.610383309 | 586    | 0.284327996 | 217    | 0.105288695 | 1305   | 0.606976744 | 608    | 0.282790698 | 237    | 0.110232558 |
| LACKAWANNA     | 29310  | 29364  | 29364  | 30527  | 54            | 0             | 1163          | 7589   | 0.25892187  | 19197  | 0.654964176 | 2524   | 0.086113954 | 7602   | 0.258888435 | 19233  | 0.654985697 | 2529   | 0.086125868 | 7602   | 0.258888435 | 19233  | 0.654985697 | 2529   | 0.086125868 | 7960   | 0.260752776 | 19849  | 0.650211288 | 2718   | 0.089035935 |
| LANCASTER      | 59390  | 59997  | 59997  | 63247  | 607           | 0             | 3250          | 23919  | 0.40274457  | 27497  | 0.462990402 | 7974   | 0.134265028 | 24192  | 0.403220161 | 27724  | 0.462089771 | 8081   | 0.134690068 | 24192  | 0.403220161 | 27724  | 0.462089771 | 8081   | 0.134690068 | 25582  | 0.404477683 | 28886  | 0.456717315 | 8779   | 0.138805003 |
| LAWRENCE       | 10646  | 10748  | 10817  | 11009  | 102           | 69            | 192           | 4717   | 0.443077212 | 5046   | 0.473980838 | 883    | 0.08294195  | 4755   | 0.44240789  | 5092   | 0.47376256  | 901    | 0.08382955  | 4781   | 0.441989461 | 5126   | 0.473883702 | 910    | 0.084126837 | 4869   | 0.442274503 | 5203   | 0.472613316 | 937    | 0.085112181 |
| LEBANON        | 16222  | 16243  | 16243  | 18063  | 21            | 0             | 1820          | 7859   | 0.484465541 | 6522   | 0.402046603 | 1841   | 0.113487856 | 7868   | 0.484393277 | 6531   | 0.402080896 | 1844   | 0.113525827 | 7868   | 0.484393277 | 6531   | 0.402080896 | 1844   | 0.113525827 | 8759   | 0.484913912 | 7137   | 0.39511709  | 2167   | 0.119968997 |
| LEHIGH         | 50957  | 52240  | 52240  | 54530  | 1283          | 0             | 2290          | 16164  | 0.317208627 | 28282  | 0.555016975 | 6511   | 0.127774398 | 16554  | 0.316883614 | 28890  | 0.553024502 | 6796   | 0.130091884 | 16554  | 0.316883614 | 28890  | 0.553024502 | 6796   | 0.130091884 | 17271  | 0.316724739 | 29972  | 0.549642399 | 7287   | 0.133632863 |
| LUZERNE        | 32352  | 32371  | 32682  | 39047  | 19            | 311           | 6365          | 10589  | 0.327305885 | 19234  | 0.59452275  | 2529   | 0.078171365 | 10594  | 0.327268234 | 19245  | 0.594513608 | 2532   | 0.078218158 | 10689  | 0.327060767 | 19446  | 0.595006426 | 2547   | 0.077932807 | 13132  | 0.336312649 | 22467  | 0.575383512 | 3448   | 0.088303839 |
| LYCOMING       | 11853  | 11854  | 11854  | 12282  | 1             | 0             | 428           | 6370   | 0.537416688 | 4290   | 0.361933688 | 1193   | 0.100649625 | 6370   | 0.537371351 | 4291   | 0.361987515 | 1193   | 0.100641134 | 6370   | 0.537371351 | 4291   | 0.361987515 | 1193   | 0.100641134 | 6556   | 0.533789285 | 4458   | 0.3629702   | 1268   | 0.103240515 |
| MCKEAN         | 3560   | 3567   | 3567   | 3697   | 7             | 0             | 130           | 1936   | 0.543820225 | 1255   | 0.35252809  | 369    | 0.103651685 | 1940   | 0.543874404 | 1256   | 0.352116625 | 371    | 0.104008971 | 1940   | 0.543874404 | 1256   | 0.352116625 | 371    | 0.104008971 | 1998   | 0.540438193 | 1306   | 0.3532594   | 393    | 0.106302407 |
| MERCER         | 13290  | 13557  | 13572  | 13859  | 267           | 15            | 287           | 6187   | 0.465537998 | 5894   | 0.443491347 | 1209   | 0.090970655 | 6311   | 0.46551597  | 6000   | 0.442575791 | 1246   | 0.091908239 | 6317   | 0.46544356  | 6009   | 0.442749779 | 1246   | 0.091806661 | 6450   | 0.465401544 | 6118   | 0.441445992 | 1291   | 0.093152464 |
| MIFFLIN        | 4335   | 4335   | 4336   | 4728   | 0             | 1             | 392           | 2514   | 0.579930796 | 1448   | 0.334025375 | 373    | 0.086043829 | 2514   | 0.579930796 | 1448   | 0.334025375 | 373    | 0.086043829 | 2515   | 0.580027675 | 1448   | 0.333948339 | 373    | 0.086023985 | 2734   | 0.578257191 | 1573   | 0.332698816 | 421    | 0.089043993 |
| MONROE         | 25536  | 25976  | 25976  | 27674  | 440           | 0             | 1698          | 8134   | 0.318530702 | 13583  | 0.531915727 | 3819   | 0.149553571 | 8274   | 0.318524792 | 13786  | 0.530720665 | 3916   | 0.150754543 | 8274   | 0.318524792 | 13786  | 0.530720665 | 3916   | 0.150754543 | 8845   | 0.319614078 | 14567  | 0.52637855  | 4262   | 0.154007372 |
| MONTGOMERY     | 153307 | 154538 | 158543 | 165348 | 1231          | 4005          | 6805          | 41208  | 0.268793989 | 92661  | 0.604414671 | 19438  | 0.12679134  | 41528  | 0.26872355  | 93340  | 0.60399384  | 19670  | 0.12728261  | 42620  | 0.268822969 | 95456  | 0.602082716 | 20467  | 0.129094315 | 44445  | 0.26879672  | 99005  | 0.598767448 | 21898  | 0.132435832 |
| MONTOUR        | 2448   | 2521   | 2521   | 2587   | 73            | 0             | 66            | 1090   | 0.445261438 | 1056   | 0.431372549 | 302    | 0.123366013 | 1127   | 0.447044823 | 1082   | 0.429194764 | 312    | 0.123760413 | 1127   | 0.447044823 | 1082   | 0.429194764 | 312    | 0.123760413 | 1151   | 0.444916892 | 1109   | 0.428681871 | 327    | 0.126401237 |
| NORTHAMPTON    | 55079  | 55912  | 55912  | 57279  | 833           | 0             | 1367          | 17909  | 0.325151147 | 29453  | 0.534741008 | 7717   | 0.140107845 | 18188  | 0.325296895 | 29818  | 0.533302332 | 7906   | 0.141400773 | 18188  | 0.325296895 | 29818  | 0.533302332 | 7906   | 0.141400773 | 18578  | 0.324342255 | 30480  | 0.532132195 | 8221   | 0.14352555  |
| NORTHUMBERLAND | 8194   | 8204   | 8204   | 8615   | 10            | 0             | 411           | 4083   | 0.498291433 | 3293   | 0.401879424 | 818    | 0.099829143 | 4088   | 0.498293515 | 3296   | 0.401755241 | 820    | 0.099951243 | 4088   | 0.498293515 | 3296   | 0.401755241 | 820    | 0.099951243 | 4286   | 0.497504353 | 3437   | 0.398955311 | 892    | 0.103540337 |
| PERRY          | 4893   | 5019   | 5019   | 5166   | 126           | 0             | 147           | 2777   | 0.567545473 | 1690   | 0.345391375 | 426    | 0.087063151 | 2848   | 0.567443714 | 1733   | 0.345287906 | 438    | 0.08726838  | 2848   | 0.567443714 | 1733   | 0.345287906 | 438    | 0.08726838  | 2923   | 0.565814944 | 1785   | 0.345528455 | 458    | 0.088656601 |
| PHILADELPHIA   | 171229 | 175961 | 178507 | 185086 | 4732          | 2546          | 6579          | 14314  | 0.083595653 | 139902 | 0.817046178 | 17013  | 0.099358169 | 14780  | 0.083995885 | 143412 | 0.81502151  | 17769  | 0.100982604 | 15042  | 0.084265603 | 145269 | 0.813800019 | 18196  | 0.101934378 | 15677  | 0.084701166 | 150052 | 0.810715019 | 19357  | 0.104583815 |
| PIKE           | 14266  | 14266  | 14266  | 14728  | 0             | 0             | 462           | 6560   | 0.459834572 | 5332   | 0.373755783 | 2374   | 0.166409645 | 6560   | 0.459834572 | 5332   | 0.373755783 | 2374   | 0.166409645 | 6560   | 0.459834572 | 5332   | 0.373755783 | 2374   | 0.166409645 | 6733   | 0.457156437 | 5499   | 0.373370451 | 2496   | 0.169473112 |
| POTTER         | 1740   | 1740   | 1740   | 1811   | 0             | 0             | 71            | 1105   | 0.635057471 | 477    | 0.274137931 | 158    | 0.090804598 | 1105   | 0.635057471 | 477    | 0.274137931 | 158    | 0.090804598 | 1105   | 0.635057471 | 477    | 0.274137931 | 158    | 0.090804598 | 1149   | 0.634456102 | 497    | 0.274434014 | 165    | 0.091109884 |
| SCHUYLKILL     | 13513  | 13523  | 13766  | 14441  | 10            | 243           | 675           | 6481   | 0.479612225 | 5727   | 0.423814105 | 1305   | 0.09657367  | 6484   | 0.479479405 | 5734   | 0.424018339 | 1305   | 0.096502255 | 6608   | 0.480023246 | 5808   | 0.421909051 | 1350   | 0.098067703 | 6940   | 0.480576137 | 6034   | 0.4178381   | 1467   | 0.101585763 |
| SNYDER         | 4013   | 4015   | 4020   | 4268   | 2             | 5             | 248           | 2327   | 0.579865437 | 1347   | 0.335659108 | 339    | 0.084475455 | 2329   | 0.58007472  | 1347   | 0.335491905 | 339    | 0.084433375 | 2332   | 0.580099502 | 1348   | 0.335323383 | 340    | 0.084577114 | 2459   | 0.576148079 | 1427   | 0.334348641 | 382    | 0.08950328  |
| SOMERSET       | 7064   | 7064   | 7064   | 7341   | 0             | 0             | 277           | 3930   | 0.556342016 | 2613   | 0.369903737 | 521    | 0.073754247 | 3930   | 0.556342016 | 2613   | 0.369903737 | 521    | 0.073754247 | 3930   | 0.556342016 | 2613   | 0.369903737 | 521    | 0.073754247 | 4085   | 0.556463697 | 2690   | 0.366435091 | 566    | 0.077101212 |
| SULLIVAN       | 751    | 751    | 751    | 770    | 0             | 0             | 19            | 413    | 0.549933422 | 264    | 0.351531292 | 74     | 0.098535286 | 413    | 0.549933422 | 264    | 0.351531292 | 74     | 0.098535286 | 413    | 0.549933422 | 264    | 0.351531292 | 74     | 0.098535286 | 418    | 0.542857143 | 275    | 0.357142857 | 77     | 0.1         |
| SUSQUEHANNA    | 4972   | 4972   | 4972   | 5215   | 0             | 0             | 243           | 2721   | 0.547264682 | 1759   | 0.353781175 | 492    | 0.098954143 | 2721   | 0.547264682 | 1759   | 0.353781175 | 492    | 0.098954143 | 2721   | 0.547264682 | 1759   | 0.353781175 | 492    | 0.098954143 | 2837   | 0.54400767  | 1850   | 0.354745925 | 528    | 0.101246405 |
| TIOGA          | 4044   | 4044   | 4044   | 4264   | 0             | 0             | 220           | 2333   | 0.576904055 | 1285   | 0.317754698 | 426    | 0.105341246 | 2333   | 0.576904055 | 1285   | 0.317754698 | 426    | 0.105341246 | 2333   | 0.576904055 | 1285   | 0.317754698 | 426    | 0.105341246 | 2451   | 0.574812383 | 1358   | 0.3184803   | 455    | 0.106707317 |
| UNION          | 5126   | 5128   | 5128   | 5493   | 2             | 0             | 365           | 2513   | 0.490245806 | 2062   | 0.402262973 | 551    | 0.107491221 | 2515   | 0.490444618 | 2062   | 0.402106084 | 551    | 0.107449298 | 2515   | 0.490444618 | 2062   | 0.402106084 | 551    | 0.107449298 | 2672   | 0.486437284 | 2199   | 0.40032769  | 622    | 0.113235026 |
| VENANGO        | 5353   | 5472   | 5473   | 5647   | 119           | 1             | 174           | 2629   | 0.491126471 | 2208   | 0.412478984 | 516    | 0.096394545 | 2692   | 0.491959064 | 2243   | 0.409904971 | 537    | 0.098135965 | 2694   | 0.492234606 | 2242   | 0.40964736  | 537    | 0.098118034 | 2774   | 0.491234284 | 2308   | 0.408712591 | 565    | 0.100053126 |
| WARREN         | 4247   | 4247   | 4247   | 4409   | 0             | 0             | 162           | 2019   | 0.475394396 | 1741   | 0.409936426 | 487    | 0.114669178 | 2019   | 0.475394396 | 1741   | 0.409936426 | 487    | 0.114669178 | 2019   | 0.475394396 | 1741   | 0.409936426 | 487    | 0.114669178 | 2084   | 0.47266954  | 1803   | 0.408936267 | 522    | 0.118394194 |
| WASHINGTON     | 27155  | 27874  | 27874  | 28933  | 719           | 0             | 1059          | 10111  | 0.372343951 | 14518  | 0.534634506 | 2526   | 0.093021543 | 10431  | 0.374219703 | 14779  | 0.530207362 | 2664   | 0.095572935 | 10431  | 0.374219703 | 14779  | 0.530207362 | 2664   | 0.095572935 | 10939  | 0.378080393 | 15178  | 0.524591297 | 2816   | 0.09732831  |
| WAYNE          | 8638   | 8736   | 8760   | 8943   | 98            | 24            | 183           | 4523   | 0.523616578 | 2994   | 0.346608011 | 1121   | 0.129775411 | 4571   | 0.523237179 | 3023   | 0.346039377 | 1142   | 0.130723443 | 4590   | 0.523972603 | 3025   | 0.345319635 | 1145   | 0.130707763 | 4679   | 0.523202505 | 3080   | 0.344403444 | 1184   | 0.132394051 |
| WESTMORELAND   | 50570  | 50994  | 52129  | 53969  | 424           | 1135          | 1840          | 20321  | 0.401839035 | 25717  | 0.508542614 | 4532   | 0.089618351 | 20531  | 0.402615994 | 25866  | 0.507236145 | 4597   | 0.090147861 | 20999  | 0.402827601 | 26343  | 0.505342516 | 4787   | 0.091829884 | 21754  | 0.403083251 | 27115  | 0.502418055 | 5100   | 0.094498694 |
| WYOMING        | 3251   | 3251   | 3251   | 3373   | 0             | 0             | 122           | 1647   | 0.50661335  | 1299   | 0.399569363 | 305    | 0.093817287 | 1647   | 0.50661335  | 1299   | 0.399569363 | 305    | 0.093817287 | 1647   | 0.50661335  | 1299   | 0.399569363 | 305    | 0.093817287 | 1702   | 0.504595316 | 1348   | 0.399644234 | 323    | 0.095760451 |
| YORK           | 53328  | 57276  | 57301  | 61038  | 3948          | 25            | 3737          | 23378  | 0.438381338 | 23915  | 0.448451095 | 6035   | 0.113167567 | 25198  | 0.43993994  | 25293  | 0.441598575 | 6785   | 0.118461485 | 25216  | 0.440062128 | 25300  | 0.441528071 | 6785   | 0.118409801 | 26824  | 0.43946394  | 26704  | 0.437497952 | 7510   | 0.123038107 |
